0.055 0.183 -0.018 -0.013 -0.007 0.005 0.043 0.238 0.018 0.007 0.001 0.000 0.000 0.000 642.993 51.486 148.000
0.091 0.070 0.004 0.000 -0.000 0.000 -0.000 0.161 0.000 0.000 0.000 0.000 0.000 -0.000 638.790 114.217 581.000
0.077 0.119 -0.045 0.001 0.000 -0.001 -0.003 0.195 0.010 0.000 0.000 -0.000 -0.000 0.000 268.145 117.841 220.000
0.061 0.130 0.037 -0.000 0.001 -0.000 0.000 0.192 0.010 0.000 0.000 -0.000 -0.000 -0.000 976.905 170.215 200.000
0.045 0.219 0.001 0.013 -0.001 0.000 -0.062 0.264 0.030 0.010 0.002 0.000 0.000 0.000 636.903 178.408 196.000
0.072 0.090 -0.013 0.000 -0.001 0.000 -0.000 0.163 0.001 0.000 0.000 0.000 0.000 -0.000 422.096 173.819 188.000
0.075 0.090 0.019 0.001 -0.001 0.001 -0.001 0.165 0.002 0.000 0.000 -0.000 -0.000 -0.000 836.152 177.215 158.000
0.130 0.122 0.084 0.023 0.022 0.009 0.006 0.252 0.028 0.007 0.002 0.000 0.000 0.000 484.197 230.756 532.000
0.135 0.120 -0.083 0.025 -0.020 -0.012 0.002 0.255 0.028 0.008 0.002 0.000 0.000 -0.000 777.726 244.778 474.000
0.080 0.079 0.001 -0.000 -0.000 0.000 0.000 0.159 0.000 0.000 0.000 -0.000 0.000 -0.000 634.389 262.377 257.000
0.052 0.130 0.016 0.000 -0.000 0.000 -0.000 0.182 0.007 0.000 0.000 0.000 0.000 -0.000 982.966 264.685 232.000
0.081 0.079 0.001 0.000 0.000 -0.000 -0.000 0.159 0.000 0.000 0.000 -0.000 0.000 -0.000 545.597 314.806 253.000
0.075 0.084 0.002 -0.000 -0.000 0.000 0.000 0.159 0.000 0.000 0.000 0.000 0.000 -0.000 712.900 317.333 240.000
0.043 0.221 0.007 -0.011 0.004 -0.002 0.056 0.264 0.032 0.008 0.002 0.000 0.000 -0.000 627.057 337.278 227.000
0.108 0.161 0.090 0.018 0.029 0.000 0.020 0.269 0.035 0.008 0.002 0.000 0.000 0.000 594.472 365.331 142.000
0.149 0.126 -0.096 0.029 -0.021 -0.017 0.003 0.275 0.038 0.009 0.003 0.000 0.000 -0.000 660.117 370.175 137.000
0.054 0.120 0.007 -0.000 -0.001 0.001 0.000 0.174 0.005 0.000 0.000 -0.000 -0.000 0.000 293.648 385.544 125.000
0.081 0.078 0.003 -0.000 0.000 -0.000 0.000 0.160 0.000 0.000 0.000 -0.000 -0.000 0.000 482.399 394.044 702.000
0.079 0.080 -0.001 -0.000 0.000 -0.000 0.000 0.159 0.000 0.000 0.000 0.000 0.000 -0.000 626.789 400.163 722.000
0.072 0.088 -0.004 0.000 0.000 -0.000 -0.000 0.160 0.000 0.000 0.000 0.000 0.000 0.000 770.445 399.848 604.000
0.197 0.046 -0.001 -0.001 -0.011 0.047 0.000 0.243 0.023 0.006 0.001 0.000 0.000 0.000 408.388 392.806 196.000
0.058 0.113 -0.015 -0.000 -0.001 0.001 0.001 0.172 0.004 0.000 0.000 0.000 0.000 -0.000 930.844 396.833 96.000
0.224 0.041 -0.003 -0.002 -0.011 0.059 0.000 0.265 0.034 0.008 0.002 0.000 0.000 0.000 571.547 400.489 223.000
0.194 0.048 -0.006 -0.003 0.012 -0.046 0.000 0.242 0.021 0.007 0.001 0.000 0.000 -0.000 836.787 400.710 155.000
0.223 0.041 -0.014 0.004 0.010 -0.054 -0.002 0.264 0.034 0.007 0.002 0.000 0.000 -0.000 679.327 403.279 226.000
0.216 0.058 -0.053 -0.024 -0.002 0.051 0.008 0.274 0.036 0.010 0.003 0.000 0.001 0.000 586.061 425.977 131.000
0.097 0.155 0.079 -0.013 -0.025 0.004 -0.020 0.253 0.028 0.007 0.002 0.000 0.000 -0.000 656.656 440.528 125.000
0.045 0.207 -0.014 0.010 0.005 -0.003 -0.049 0.251 0.027 0.007 0.001 0.000 0.000 0.000 623.790 462.306 219.000
0.079 0.080 0.002 -0.000 0.000 -0.000 0.000 0.159 0.000 0.000 0.000 -0.000 0.000 -0.000 535.634 467.585 224.000
0.082 0.078 -0.008 0.000 0.000 -0.000 -0.000 0.160 0.000 0.000 0.000 0.000 -0.000 -0.000 704.295 481.043 210.000
0.119 0.122 -0.075 -0.019 0.022 0.003 -0.008 0.241 0.023 0.006 0.001 0.000 0.000 0.000 478.536 519.708 442.000
0.133 0.115 0.078 -0.024 -0.020 -0.009 -0.004 0.248 0.024 0.007 0.002 0.000 0.000 -0.000 757.418 524.982 385.000
0.090 0.071 0.003 -0.000 -0.001 0.001 0.000 0.161 0.000 0.000 0.000 0.000 0.000 0.000 619.848 524.199 211.000
0.048 0.193 0.012 -0.011 0.004 -0.002 0.045 0.241 0.022 0.006 0.001 0.000 0.000 -0.000 617.287 563.659 167.000
0.093 0.075 0.025 -0.000 -0.000 -0.000 0.000 0.168 0.003 0.000 0.000 0.000 0.000 0.000 422.507 572.007 140.000
0.089 0.079 -0.026 -0.001 0.001 -0.000 0.000 0.168 0.003 0.000 0.000 0.000 0.000 0.000 805.121 574.113 124.000
0.110 0.061 0.002 -0.000 -0.001 0.003 -0.001 0.171 0.002 0.000 0.000 -0.000 0.000 0.000 616.098 625.431 397.000
0.057 0.168 0.011 0.010 -0.000 0.002 -0.029 0.224 0.013 0.004 0.000 0.000 0.000 -0.000 611.610 672.756 82.000 