0.053 0.174 -0.015 -0.011 -0.008 0.004 0.036 0.227 0.015 0.005 0.001 0.000 0.000 0.000 642.973 51.270 148.000
0.045 0.216 0.002 0.012 -0.002 0.000 -0.060 0.261 0.029 0.009 0.002 0.000 0.000 0.000 636.903 178.439 196.000
0.131 0.122 0.083 0.025 0.023 0.011 0.006 0.253 0.028 0.008 0.002 0.000 0.000 0.000 484.006 230.609 530.000
0.136 0.121 -0.084 0.026 -0.021 -0.013 0.003 0.256 0.029 0.008 0.002 0.000 0.000 -0.000 777.705 244.843 471.000
0.041 0.227 0.006 -0.011 0.005 -0.001 0.058 0.268 0.035 0.009 0.002 0.000 0.000 0.000 627.013 337.489 231.000
0.113 0.162 0.096 0.019 0.030 0.001 0.024 0.275 0.039 0.009 0.003 0.000 0.001 -0.000 594.474 365.356 135.000
0.150 0.116 -0.089 0.027 -0.020 -0.016 0.001 0.265 0.033 0.008 0.002 0.000 0.000 -0.000 660.440 370.104 134.000
0.198 0.044 -0.003 -0.002 -0.010 0.044 0.001 0.242 0.024 0.006 0.001 0.000 0.000 -0.000 408.460 392.845 187.000
0.224 0.041 -0.002 -0.001 -0.011 0.060 0.000 0.265 0.034 0.009 0.002 0.000 0.000 0.000 571.567 400.478 224.000
0.193 0.047 -0.006 -0.001 0.012 -0.044 -0.001 0.240 0.021 0.006 0.001 0.000 0.000 -0.000 836.686 400.692 159.000
0.221 0.041 -0.014 0.004 0.010 -0.052 -0.002 0.262 0.033 0.007 0.002 0.000 0.000 -0.000 679.264 403.291 227.000
0.207 0.055 -0.050 -0.020 -0.003 0.042 0.007 0.262 0.033 0.007 0.002 0.000 0.000 0.000 586.221 425.882 136.000
0.107 0.151 0.084 -0.014 -0.027 0.004 -0.022 0.259 0.030 0.008 0.002 0.000 0.000 -0.000 656.768 440.456 125.000
0.046 0.210 -0.016 0.011 0.006 -0.004 -0.051 0.256 0.028 0.008 0.002 0.000 0.000 0.000 623.734 462.308 214.000
0.116 0.123 -0.073 -0.018 0.021 0.001 -0.006 0.239 0.022 0.006 0.001 0.000 0.000 0.000 478.699 519.591 438.000
0.134 0.113 0.076 -0.024 -0.021 -0.009 -0.003 0.247 0.023 0.008 0.002 0.000 0.000 -0.000 757.649 525.101 385.000
0.046 0.191 0.005 -0.010 0.005 -0.002 0.043 0.237 0.021 0.006 0.001 0.000 0.000 0.000 617.364 563.836 165.000
0.048 0.175 -0.003 0.010 -0.001 -0.000 -0.032 0.223 0.016 0.004 0.000 0.000 0.000 0.000 611.683 672.663 101.000 